25
331
0 0 3 5 6 7 11 13 14 15 16 18 22 
1 0 2 4 5 6 7 8 9 10 11 14 16 20 21 22 23 24 
2 0 1 2 3 4 5 10 12 14 16 19 20 21 24 
3 1 2 4 6 8 16 19 24 
4 0 5 7 13 14 16 17 18 19 21 24 
5 0 3 4 5 7 8 10 12 14 15 16 17 18 20 22 24 
6 4 6 7 11 13 15 19 20 21 23 24 
7 2 3 6 7 9 13 17 19 20 21 24 
8 0 1 2 3 6 8 10 11 12 14 19 22 
9 0 1 3 4 5 7 9 10 14 16 18 19 21 22 24 
10 2 5 6 8 10 11 14 15 18 20 21 22 
11 2 3 6 8 9 10 13 17 19 21 22 
12 0 2 5 9 14 16 21 22 23 24 
13 1 2 3 5 8 14 15 17 18 20 21 23 
14 1 2 3 6 7 8 10 11 13 16 19 20 21 22 23 24 
15 4 8 12 13 14 16 21 23 24 
16 0 2 3 4 6 7 9 11 12 15 18 21 22 24 
17 0 1 3 6 8 11 12 13 14 18 20 21 22 23 
18 0 1 2 6 7 8 9 10 11 13 16 17 18 19 21 22 23 
19 0 2 4 5 6 7 9 10 11 12 16 17 20 24 
20 0 4 6 7 10 11 12 15 16 17 19 20 
21 1 4 5 6 7 8 9 10 11 12 14 15 16 17 19 20 21 24 
22 0 1 2 3 4 5 8 10 14 15 16 17 21 22 23 
23 0 2 3 5 6 7 14 15 16 18 20 22 24 
24 0 1 3 7 9 10 11 13 14 15 16 17 18 20 22 23 24 
